25719
25719
25719
25719
33766
25719
25719
25719
16677
10786
51467
59421
25719
25719
27642
25719
25719
8508
25719
25719
25719
59722
33766
25719
36736
25719
25719
59421
50880
25719
55544
25719
33766
56011
25719
25719
33766
10454
33766
16677
25719
25719
25719
25719
25719
25719
25719
47649
25719
25719
25719
33766
33766
25719
25719
25719
25719
25719
25719
59421
25719
10206
25719
25719
25719
34404
25719
26227
21812
46105
25719
25719
25719
25719
25719
25719
8506
25719
25719
25719
25719
59421
8602
25719
25719
59722
25719
25719
25719
8506
51467
25719
10314
25719
22189
25719
33766
25719
39614
29049
42586
25719
25719
59421
25719
15365
25719
59421
25719
51185
25719
51290
33766
59421
25719
25719
25719
25719
25719
59421
8506
25719
25719
25719
25719
25719
25719
31963
25719
22189
25719
8506
36736
25719
1254
25719
48070
25719
48138
25719
59421
25719
25719
48138
25719
25719
25719
25719
25719
59421
25719
25719
25719
25719
16677
25719
33766
25719
25719
25719
10786
54848
25719
22678
16677
10454
59421
22189
25719
25719
25719
31963
40478
25719
25719
25719
18469
25719
55544
25719
33766
25332
8506
31963
28458
8506
25719
16677
16677
25719
59421
25719
25719
25719
16677
25719
25719
25719
25719
25719
33766
25719
1254
25719
25719
19478
16677
25719
47649
25719
25719
25719
16677
10786
16677
56011
19478
25719
59421
33766
25719
25719
25719
25719
25719
25719
8602
25719
25719
42586
25719
33766
25719
25719
10206
59421
59421
25719
25719
59421
25719
25719
25719
25719
30930
25719
25719
25719
25719
2203
25719
25719
59421
25719
10206
26227
25719
25719
25719
25719
25302
30930
25719
16677
25719
25719
25719
25719
25719
10206
25719
15365
25719
39480
25719
25719
25719
25719
33766
25719
25719
31963
33766
1278
25719
10786
25719
25719
25719
25719
25719
33766
25719
25719
8508
16677
25719
10206
25719
8506
25719
25719
25719
1278
28982
59421
25719
25719
8506
36242
25719
25719
31963
25719
10206
10206
16677
19478
25719
25719
59421
25719
25719
25719
25719
16677
25719
22189
25719
25719
25719
25719
25719
25719
25719
25719
59421
25719
25719
48070
25719
25719
25719
25719
25719
25719
25719
39614
8506
25719
28458
25719
59421
16377
25719
22189
39268
29049
59421
25719
59421
39268
33766
51467
25719
25719
59421
25719
25719
54848
59421
25719
25719
25719
1254
59421
31963
25719
25719
25719
25719
10206
25719
25719
16377
25719
47649
54848
59421
25719
25719
16677
25719
8506
25719
25719
25719
25719
25719
23122
25719
25719
25719
25719
25719
29306
36628
25719
25719
25719
25719
1278
25719
10454
25719
19478
25719
25719
18469
25719
25719
25719
25719
25719
25719
8506
25719
25719
59421
25719
25719
25719
25719
2203
25719
21848
59421
25719
31963
48070
5237
25719
8506
10992
25719
25719
16677
25719
25719
25719
25719
33766
33766
25719
25719
8506
25719
25719
25719
25719
59421
25719
25719
28386
16677
59421
25719
33766
25719
47649
25719
25332
25719
25719
10314
25719
25719
25719
39614
25719
25719
25719
59421
59421
25719
25719
16677
25719
25719
33766
25719
25719
59421
59421
16677
25719
25719
1278
25719
16677
25719
59421
25719
25719
58937
1254
25719
25719
25719
25719
25719
25719
25719
25719
25719
1278
16677
10314
25719
25719
25312
39268
47649
25719
25719
19478
1278
33766
59421
25719
27642
25719
33766
56011
59421
25719
25719
25719
25719
25719
28386
25719
10786
33766
25719
25719
29049
25719
31483
25719
19478
25719
16377
25719
25719
14051
33766
25719
25719
13276
59421
47649
25719
59421
25719
59421
25719
8542
25719
19478
16677
25719
25719
59421
48070
25719
59421
59421
25719
25719
25719
25719
25719
25719
29049
25719
25719
25719
29049
25719
8506
8602
54446
25719
33766
18469
25719
25719
16677
31483
16677
25719
33766
47649
25719
8506
25719
16677
59421
59421
25719
59421
59722
59421
25719
56011
5504
25719
25719
25719
25719
25719
25719
51467
33766
25719
25719
22189
25719
33766
25719
25719
25719
19522
25719
25719
8506
31483
8508
3315
1278
18469
30930
48070
17657
8506
25719
51467
25719
48070
25719
59421
33766
28982
25719
25719
27932
25719
8389
47649
25719
25719
28547
39268
16677
25719
25719
33766
59421
25719
25719
16677
25719
39268
25719
25719
25719
59421
16677
33766
29049
25719
33766
25719
10786
28458
25719
33766
25719
25719
25719
25719
25719
16677
25719
59421
25302
39268
33766
25719
2203
23002
59421
25302
47649
55544
25719
1278
25719
29049
25719
29049
25719
48070
25719
25719
25719
47649
25719
28386
8506
33766
25719
25719
8506
25719
25719
25719
25719
39268
10206
25719
59421
22678
25719
33766
25719
25719
31963
1278
25719
25719
21848
1278
25719
25719
25719
25719
10206
25719
33766
25719
25719
16677
31963
33766
25719
8506
25719
29049
39268
25719
25302
25719
25719
51290
25719
33766
59421
25719
25719
15365
25719
25719
51205
25719
25719
25719
10786
16677
25719
25719
25719
25719
33766
25719
25719
25719
1278
25719
33766
48070
55544
19478
33766
25719
25719
25719
25719
1246
25719
25719
33766
39480
25719
21848
18469
25719
33766
33766
27642
39268
25719
59421
25719
25719
25719
25719
59421
19478
25719
1254
25719
25719
31963
33766
25719
59421
47649
25719
25719
25719
25719
25719
25719
25719
25719
47649
8602
10206
25719
18469
22678
25302
33766
25719
25719
25719
1254
29049
55788
25719
25719
25719
59421
25719
25719
25719
25719
25719
8506
25719
25719
8506
25719
25719
25719
27958
25302
25719
25719
59421
8506
25719
25719
25719
51184
25719
25719
8508
16677
59421
31483
16377
25719
31483
1278
48138
16677
59421
33766
25719
31483
25719
25302
59421
1278
59421
29049
25719
25719
25719
25719
51467
25719
25719
25719
16677
8506
15365
55544
16677
59421
25719
25719
1204
19478
25719
47649
54848
25719
33766
54848
16677
25719
25719
59421
25719
16677
25719
47649
59421
16677
25719
25719
54446
1278
10206
5504
25719
25719
25719
31963
59421
33766
25719
25719
31483
25719
25719
1278
56011
29049
25719
59421
16677
25719
10786
19478
33766
16677
19478
8506
51290
48070
1254
25719
25719
59421
48138
33766
25719
25719
8506
25719
25719
29049
25719
25719
25719
25719
25719
59421
25719
25719
25719
25719
31963
25719
25719
25719
25719
10206
25719
16677
25719
19542
10314
25719
25302
