25719
25719
10306
7884
55576
55240
7884
29272
8893
28574
1995
36816
29272
36816
7884
36816
6725
36816
36816
6725
48373
48373
36816
55240
7884
48373
6725
51209
55576
7884
48373
18458
36816
51209
20064
8483
36816
36816
18246
8893
38603
36816
55576
18458
36816
55576
7884
8483
51209
18458
7884
36816
6725
7884
36816
30889
55576
7884
20064
45977
7884
36816
56724
7884
7884
8893
18458
23659
8893
58479
55240
6725
56856
36816
36816
8483
23659
7884
58479
7884
7884
55240
53714
55240
29272
56724
36816
7884
45977
36816
7884
7884
28675
36816
6725
8483
19240
55576
7884
38603
8483
36816
18458
36816
8483
8483
7884
8483
7884
51209
18451
8483
19240
18458
43069
55240
8483
8483
7884
55240
36816
38603
7884
1995
18458
38603
48373
8483
55240
6725
7884
36816
19240
7884
29272
36816
36816
58479
29272
36816
36816
20064
8483
43069
18458
7884
38603
48373
7884
45977
55240
8483
6725
56856
8893
43069
19240
6725
55576
51209
28574
7884
48373
51209
7884
38603
51209
1809
7884
55240
36816
38603
7884
55576
45977
7884
8893
51209
43069
7884
48468
36816
58479
38603
18458
36816
9638
8893
8893
58479
19240
51209
7884
51209
55240
51209
58479
51209
18451
56856
6725
8483
7884
7884
36816
19240
56856
36816
36816
7884
18458
56724
18458
28574
55240
51209
18246
48373
55240
58479
43069
8483
38603
55240
51209
5172
29272
58479
55576
8483
7884
29272
7884
36816
51209
36816
18458
7884
7884
55240
36816
36816
8483
20064
36816
51209
36816
36816
38603
18451
7884
38603
18458
7884
51209
36816
51209
48373
7884
6725
36816
36816
8483
8893
55240
36816
8483
45977
36816
38589
58479
32937
51209
51209
36816
8483
38603
20064
21643
51209
51209
38603
6725
48373
38603
29272
7884
29272
36816
55240
55240
55576
7884
7884
58479
18246
51209
30889
8483
36816
51209
55240
48373
48373
51209
36816
6725
36816
6725
36816
7884
9638
36816
7884
48373
30889
7884
19240
29272
36816
45977
45977
36816
7884
36816
18458
48373
14794
36816
7884
56724
45977
51209
55240
5172
18246
18458
55576
8483
18458
58479
7884
7884
8893
7884
43069
58479
7884
18458
38603
36816
45977
36816
8893
38603
6725
36816
38603
36816
36816
18458
58479
36816
8483
55240
8483
7884
58479
7884
8893
8483
30889
55576
29272
44669
8483
38603
36816
7884
38603
8483
48373
8483
18246
8893
36816
32937
7884
7884
18246
8483
7884
58479
36816
36816
29272
2335
7884
36816
6725
45977
55576
51209
36816
38603
19240
32937
36816
48373
58479
6725
51209
18458
32937
8483
19240
7884
38603
18451
7884
36816
38603
56724
38603
6725
58479
18458
36511
36816
36816
38603
36816
55240
18451
7884
38589
58479
55240
32937
36816
48373
38603
45977
7884
36816
7884
18451
36816
8483
51209
7884
58479
19240
36816
36816
36816
36816
7884
55240
36816
38603
7884
36816
18458
8893
55240
36816
6725
51209
38603
51209
36511
38603
7884
29272
48373
7884
19240
53714
45977
20064
56856
36816
36816
48373
55576
7884
58479
36816
19240
58479
18458
18246
36816
8893
19240
38603
38364
38603
8893
7884
18458
36816
7884
56724
8893
18458
36816
29272
8483
56856
56856
7884
58479
58211
48373
8893
58211
19240
8483
14794
58479
58479
7884
36816
18458
48373
52359
55240
36816
36816
58479
29272
48373
58479
36511
36816
36816
20064
55240
48373
8483
6725
36816
36816
7884
38603
55576
45977
18458
19240
18458
8893
18458
7884
28574
19240
36816
48373
55240
20883
36816
36816
18458
29272
38603
36816
32937
7884
58479
31729
7884
29272
18458
36816
25354
32937
58479
8483
38603
7884
1995
8483
55240
8893
20064
36816
56724
38603
55240
36816
19240
8483
48373
40607
8893
58479
7884
48468
36816
42485
51209
6725
38603
29272
36816
38603
28675
18458
58479
7884
36816
7884
45977
18246
51209
55576
36816
36511
45977
7884
55240
7884
7884
28574
7884
7884
28574
7884
6725
36816
36816
36816
58479
8893
18246
36816
36816
7884
48373
48373
8893
36816
8483
18246
36816
36816
8483
7884
36816
36816
36511
36816
51209
51209
20064
36816
18458
51209
8483
56724
7884
18458
18458
20064
38603
29272
6725
38603
36816
36816
7884
38603
19240
6725
55240
7884
58479
19240
6725
38603
7884
1995
36816
58479
51209
38603
36816
7884
36816
8483
18246
36816
18451
7884
58479
36816
45977
52359
51209
18451
8229
18458
36816
36058
18451
36816
48373
36816
8893
29272
18451
7884
36816
55240
7884
8893
36816
18458
56856
36816
28574
55576
18458
36816
58479
7884
8893
7884
58479
38603
7884
36511
51209
55240
36816
7884
36816
1995
32937
8483
36816
48373
48373
36816
36816
36816
18458
38603
18451
36816
55240
55240
8893
38603
36816
20064
36816
51209
38603
36816
38589
36816
58479
29272
17679
58211
18458
36511
29272
38603
51209
29272
51209
8483
18458
38603
8483
7884
18451
30889
55240
18458
45977
20064
38603
55240
38603
48373
38603
36058
36816
8893
19240
19240
38603
8483
7884
58479
45977
7884
8893
14794
36058
48373
48373
18451
20064
14026
6725
18458
36816
6725
18458
7884
51209
36816
7884
55240
18458
8483
29272
7884
36511
38603
6725
55576
58479
45977
36816
58211
2335
18458
38603
55240
55240
55240
36816
58211
48373
7884
8893
51209
8483
18458
48373
7884
8483
29272
8893
18451
36816
18458
55240
8483
36816
7884
6725
55576
7884
36816
36816
2417
45977
36816
55240
18451
45977
8483
36816
18458
18458
36816
55576
55240
7884
6725
18458
8893
56724
28675
36511
58479
8893
6725
58479
36816
7884
8893
32937
18458
18458
58479
56724
18458
7884
51209
36816
48373
38603
58479
7884
36816
18458
36816
7884
36816
8893
36816
38603
48373
55576
36816
55240
18451
7884
36511
45977
36816
55240
8893
19240
58479
8893
7884
36816
58479
8483
18451
7884
32937
18458
8893
58479
6725
36816
48373
8893
55240
8483
18458
58479
32937
36816
19240
48373
36816
30889
55576
8893
48373
48373
8893
5172
36816
18458
18458
6725
19240
14026
7884
19240
36816
6725
45977
39552
48373
7884
36816
6725
18246
7884
39552
40031
55240
36816
18458
29272
40607
36816
55240
8483
18458
58479
36816
8893
8893
58479
14026
58479
7884
51209
38603
36816
8893
51209
30889
7884
38603
36816
